Planetary Flares
51, 51
0.814132, 0.086198, 0.506304, 0.533710, 0.591562, -0.864964, -0.544529, -0.362822, 0.747348, 0.614998, -0.703972, 0.222347, 0.886581, 0.552200, -0.053755, -0.517633, 0.343245, 0.725374, 0.792954, -0.017387, 0.036047, -0.096858, 0.167817, -0.621681, 0.731936, -0.502547, 0.267609, -0.121211, -0.071695, 0.292712, -0.839471, -0.946211, 0.201614, 0.978483, 0.111368, -0.105284, 0.540023, 0.345768, 0.557552, 0.331165, -0.122960, -0.331503, -0.426546, -0.304124, 0.490871, 0.222817, -0.056036, 0.079404, -0.546860, -0.109061, -0.347749, -0.027299, -0.355423, -0.771557, 0.917661, -0.663147, 0.151928, -0.237883, -0.741520, 0.520403, 0.554491, 0.010717, 0.861578, -0.611725, -0.061908, 0.173773, -0.446884, -0.336067, -0.410933, 0.707486, -0.408253, 0.543942, -0.684764, -0.562124, -0.985145, 0.901952, -0.102495, 0.232787, 0.709152, -0.655136, -0.363804, 0.158857, -0.143134, -0.945533, 0.121474, 0.553712, -0.798823, -0.615807, -0.865267, -0.774031, 0.087742, 0.094105, -0.868999, -0.777142, -0.291894, 0.261895, 0.837281, -0.338761, -0.485092, 0.762723, -0.565565, 0.915894, -0.871040, -0.665074, -0.831180, 0.961995, 0.930841, 0.922095, 0.755800, -0.312155, -0.951293, -0.145748, 0.507820, -0.777849, 0.238724, 0.910148, 0.934992, -0.375221, 0.379153, -0.652255, -0.754709, 0.876042, -0.581359, -0.226319, 0.318060, 0.704642, 0.019094, -0.945701, 0.143079, 0.205846, -0.154959, 0.576322, -0.129345, -0.232087, -0.617135, -0.756598, -0.034359, 0.426659, 0.426071, -0.238908, 0.700216, 0.761872, 0.533030, 0.592798, -0.264725, -0.767100, -0.617336, -0.106487, -0.054796, 0.567860, -0.456187, -0.375665, -0.282368, 0.014960, -0.219748, 0.382752, 0.311490, -0.950378, 0.897692, 0.304157, -0.645587, 0.518025, -0.264097, -0.260092, 0.080176, 0.591958, 0.523234, -0.863791, -0.599833, -0.596743, -0.237665, 0.491960, -0.518405, 0.484511, 0.064713, 0.760658, -0.876650, 0.599608, 0.824672, -0.363628, -0.685232, 0.434608, 0.334566, -0.622425, -0.647401, 0.920721, -0.050133, 0.897032, 0.674507, -0.310549, 0.131570, -0.256214, 0.006243, 0.139166, -0.616397, 0.110183, 0.719353, 0.167157, -0.267817, 0.096819, 0.148955, -0.369194, 0.907660, -0.762710, 0.448184, -0.760631, -0.198865, -0.804115, 0.119751, -0.579312, 0.347223, 0.690893, 0.729664, -0.417413, -0.942217, -0.622395, 0.398282, -0.167736, 0.730824, -0.851670, -0.368167, -0.499976, -0.959289, 0.448556, -0.085263, 0.723285, -0.089166, -0.977693, 0.305516, -0.389839, -0.023396, -0.914228, -0.031205, 0.467295, 0.573056, -0.073865, -0.783764, 0.571218, -0.636529, 0.506557, -0.957033, 0.164038, 0.925243, 0.287203, -0.412922, 0.616634, 0.891118, -0.544032, 0.015167, 0.240596, -0.894416, 0.290299, -0.909376, -0.465687, 0.744774, -0.128740, -0.483082, 0.129996, 0.218188, -0.426050, -0.490175, 0.572948, -0.915781, 0.230027, -0.190842, -0.555764, -0.907520, -0.482383, 0.089739, 0.468378, -0.598461, 0.948200, 0.138483, 0.177032, 0.396886, 0.647945, 0.460003, 0.415402, 0.255512, 0.028834, -0.533511, -0.503033, 0.617834, -0.430320, -0.804292, 0.245776, 0.885551, -0.187610, -0.333993, -0.197298, 0.251940, -0.920893, -0.135628, 0.620310, 0.842326, 0.083329, -0.464549, 0.362293, 0.434144, -0.485257, 0.078921, 0.211231, -0.084485, 0.023600, 0.103532, -0.076799, -0.593794, 0.285601, 0.867153, 0.665172, -0.176640, -0.043686, -0.039486, -0.025560, 0.359488, -0.772908, 0.360935, 0.350105, 0.619483, 0.483157, 0.169472, -0.648465, -0.376931, -0.926959, -0.720684, -0.331626, 0.848107, -0.067399, 0.227604, -0.836408, 0.641185, -0.750031, 0.110833, -0.541396, -0.272540, -0.584544, 0.447336, -0.820288, -0.729495, -0.685041, -0.456467, 0.783128, 0.474814, -0.151758, -0.726574, -0.833469, 0.923306, -0.393070, 0.817496, 0.497529, 0.104440, -0.175669, 0.137336, -0.918304, 0.045270, 0.320293, 0.446633, 0.856349, -0.879103, 0.354953, -0.978076, 0.262842, 0.299327, 0.540730, 0.862222, -0.428965, -0.356987, -0.595202, 0.408447, 0.740884, 0.845817, -0.815788, -0.884699, 0.363901, 0.356513, 0.128697, 0.993553, -0.773284, -0.877871, -0.787153, -0.478836, 0.511095, 0.956540, 0.330711, 0.571164, 0.080870, 0.500498, -0.092545, 0.759427, 0.238435, -0.528759, -0.903622, 0.617258, -0.571768, -0.156590, 0.881133, 0.250203, 0.888858, 0.030820, -0.604437, 0.581963, -0.497932, 0.440417, -0.898824, -0.939454, 0.165312, -0.595581, 0.982797, -0.571759, 0.671772, 0.924740, 0.843279, -0.308189, -0.660043, 0.104249, 0.573676, -0.594602, -0.460674, 0.497187, 0.530344, -0.272781, 0.415128, -0.154292, -0.973019, -0.017365, -0.375767, -0.658932, -0.371444, 0.194619, 0.301211, -0.386946, 0.983611, -0.058029, -0.414455, -0.532722, 0.272844, 0.220458, -0.474897, -0.771742, -0.984479, 0.684969, 0.310845, 0.974286, -0.751077, 0.718447, 0.944430, 0.741704, 0.183084, -0.095198, 0.410960, -0.204715, -0.671179, -0.422010, 0.522988, -0.636422, 0.781302, -0.763214, -0.374438, 0.007616, 0.462818, 0.963698, 0.568818, 0.643048, -0.779436, -0.896803, 0.220589, 0.855963, 0.864096, -0.124511, -0.524535, 0.579395, 0.578213, 0.288837, 0.907445, 0.601590, 0.136649, -0.434502, -0.101112, -0.373395, -0.361343, -0.444163, 0.078527, 0.835217, -0.029522, 0.709300, 0.520800, -0.894973, 0.909867, -0.837656, 0.216507, 0.862004, 0.829541, 0.057237, 0.518767, -0.310670, 0.894474, 0.943342, -0.380824, 0.077990, -0.585037, -0.936315, 0.929380, -0.926513, -0.615176, 0.931719, -0.862268, -0.056549, -0.937050, 0.734264, 0.675286, 0.163950, -0.125438, 0.823071, 0.700568, 0.820800, -0.060408, -0.268071, -0.089561, 0.508377, 0.574796, 0.990887, -0.848371, 0.359032, 0.855950, -0.055387, -0.437040, -0.735360, 0.890384, -0.077851, -0.691288, -0.183165, 0.189800, 0.491360, -0.014790, -0.401537, 0.630612, -0.982509, -0.110299, -0.992600, 0.156367, -0.966129, 0.685493, -0.116822, 0.912480, -0.296746, 0.961585, -0.193905, 0.030683, 0.020096, 0.508816, 0.840327, -0.799290, 0.981352, -0.001529, -0.944497, 0.120191, -0.965073, -0.792103, -0.284908, 0.207754, -0.799895, -0.291505, 0.796220, -0.067127, 0.800516, -0.936986, -0.332201, 0.945452, 0.894409, -0.501738, -0.238039, 0.350776, 0.588758, -0.372187, -0.898793, -0.684018, -0.840592, -0.725759, 0.808011, -0.514940, -0.438566, -0.885069, 0.786186, 0.461666, 0.043882, 0.460170, 0.552462, -0.417708, -0.535261, 0.543639, -0.523592, 0.702727, 0.609827, -0.468014, -0.703966, 0.897035, -0.943256, -0.611525, 0.794650, 0.699448, 0.440902, -0.113511, -0.220369, -0.742448, 0.972019, -0.810240, 0.539800, 0.976923, 0.696782, -0.547711, -0.383955, 0.506854, 0.217553, 0.052447, -0.921004, 0.539554, -0.097422, 0.077959, -0.747512, -0.217001, 0.488574, 0.809531, 0.159112, 0.134734, 0.517852, -0.097790, 0.693192, -0.738096, 0.529526, 0.735702, 0.863945, -0.381571, -0.630140, -0.560180, -0.960332, -0.002066, 0.649928, 0.693088, 0.748239, -0.360081, -0.355861, -0.151258, -0.504064, -0.598152, 0.950465, -0.286852, -0.731717, -0.237233, 0.294792, 0.192003, 0.876341, 0.275688, -0.906534, -0.393257, -0.451243, 0.198618, 0.197631, 0.865010, -0.247877, -0.322968, -0.104937, 0.982669, -0.812064, 0.284127, -0.810285, 0.223560, -0.268414, 0.191703, 0.450746, -0.701418, -0.749654, -0.446335, 0.583688, 0.033654, 0.299403, -0.002623, 0.723815, -0.769309, -0.160092, 0.305938, -0.402789, 0.107040, 0.294139, 0.220209, -0.219200, 0.171915, -0.054461, 0.083335, -0.308397, 0.743709, -0.778654, -0.014703, -0.590413, -0.028503, -0.042056, 0.650582, 0.936230, 0.613566, 0.099561, -0.389872, 0.599305, -0.466975, 0.246836, -0.514166, -0.787285, 0.380059, -0.362328, -0.177820, -0.872335, 0.803543, 0.485709, 0.508459, 0.676186, -0.078816, 0.607830, 0.125408, 0.688292, -0.068150, 0.048150, 0.337434, 0.944892, -0.588711, -0.536423, -0.515201, 0.374636, -0.168020, -0.259033, -0.810176, 0.745874, -0.638177, -0.674464, 0.680527, -0.555164, 0.560251, -0.058969, -0.646935, -0.860996, 0.606460, -0.415832, -0.042513, -0.936374, 0.858921, -0.200137, -0.789623, 0.118215, -0.904477, 0.003739, -0.320425, -0.666032, 0.495044, 0.178293, -0.622237, -0.624510, 0.342434, -0.980536, 0.137687, -0.899269, -0.597553, -0.028859, 0.772561, 0.052516, -0.272183, 0.711698, -0.900326, 0.100811, 0.009715, 0.983344, 0.856548, 0.193546, -0.034983, 0.226635, -0.996937, -0.720660, 0.438442, 0.667052, 0.024210, -0.807634, 0.981050, -0.469910, -0.171650, -0.726738, -0.350102, -0.374866, -0.696926, -0.500400, 0.665788, -0.997756, 0.333937, -0.709042, 0.374932, -0.892955, -0.142731, -0.560106, -0.379375, -0.171346, 0.297057, 0.397848, -0.879391, 0.902693, -0.564294, 0.834258, -0.281167, -0.880252, -0.015414, 0.864950, 0.303435, 0.127770, -0.856096, 0.169889, 0.766353, -0.627620, 0.150267, 0.700368, 0.149156, 0.485366, 0.068317, -0.185293, 0.147010, -0.953742, 0.404051, -0.023056, -0.521660, 0.800475, 0.818968, 0.870343, 0.271516, -0.036114, 0.865020, -0.355794, 0.644490, -0.592163, -0.522357, -0.483214, 0.260890, -0.187701, -0.423938, -0.219077, 0.371908, 0.064518, 0.483511, 0.582525, 0.004069, 0.499347, -0.238111, 0.431111, 0.617392, -0.409278, -0.318040, 0.555537, 0.061976, 0.110825, 0.497443, 0.961034, -0.530093, -0.359926, 0.421739, -0.340644, -0.475117, -0.570082, -0.300263, 0.103723, -0.044278, -0.064205, 0.190490, -0.699932, 0.730220, 0.323415, -0.571580, 0.010494, -0.573254, 0.941527, -0.770323, -0.770291, 0.673457, 0.929249, -0.666510, -0.272868, -0.851509, 0.788854, 0.470638, 0.110477, 0.036666, 0.289775, 0.219135, -0.898617, -0.547166, -0.251265, 0.972270, 0.663374, -0.242514, 0.262225, -0.617242, -0.168821, -0.499018, -0.171334, -0.785176, -0.492650, 0.686230, 0.345745, -0.088924, 0.655211, -0.112845, 0.170749, 0.142952, 0.440073, -0.862516, 0.095304, -0.572095, -0.029390, 0.177512, 0.943355, -0.898276, 0.208152, 0.145612, -0.454548, 0.402511, 0.735285, -0.550709, -0.337530, 0.679065, 0.913025, -0.513230, 0.854281, 0.885647, 0.150060, -0.526978, 0.119777, 0.076124, -0.001956, 0.900182, 0.071869, 0.712281, -0.153726, -0.858318, 0.484810, 0.027630, -0.636183, 0.007019, 0.080253, 0.720921, 0.014256, -0.385426, 0.464049, 0.856169, 0.974736, 0.406469, 0.079096, 0.340959, 0.169308, -0.529213, -0.932879, -0.101115, -0.071789, -0.860017, -0.534827, -0.382298, -0.826543, 0.900088, -0.548275, 0.530940, -0.733655, 0.378638, -0.905081, -0.518029, 0.825739, -0.200897, -0.778597, -0.205595, 0.801850, -0.687933, -0.609488, 0.847604, 0.802458, 0.246317, -0.311578, -0.118150, -0.077967, -0.956240, 0.911260, 0.099440, -0.200643, 0.384646, 0.163459, 0.937117, 0.370404, -0.528324, 0.675208, -0.692158, -0.783982, -0.215336, -0.152579, 0.567901, 0.701595, -0.416903, -0.313836, -0.990555, -0.073001, 0.731998, 0.949053, 0.055386, -0.550031, 0.591692, 0.719160, 0.193919, 0.294988, -0.852456, 0.067077, 0.855857, -0.974350, 0.064014, 0.200260, 0.704381, 0.409722, 0.492633, 0.145879, -0.556552, -0.856858, -0.758697, 0.692696, -0.747801, -0.961161, 0.739139, -0.608583, 0.667054, -0.040240, -0.790589, 0.848239, 0.996493, -0.348927, -0.703370, 0.867013, 0.463212, 0.165827, -0.114827, -0.200538, -0.052526, 0.575940, 0.537896, 0.238372, -0.642638, -0.114645, 0.514870, -0.279772, -0.771189, -0.757006, 0.330381, 0.216924, 0.935870, -0.102223, 0.479374, -0.325870, 0.344013, 0.515275, 0.898365, -0.637536, -0.484908, 0.290943, 0.290261, -0.681823, 0.944185, 0.665473, 0.360641, 0.775578, -0.001899, 0.497103, -0.240106, 0.164569, -0.494123, 0.491351, -0.087329, -0.022849, -0.940433, -0.641896, 0.401882, -0.392340, -0.660834, 0.708795, 0.258300, -0.395927, -0.283201, -0.271212, -0.978065, 0.506970, 0.966160, -0.729992, -0.633972, 0.147671, -0.621452, 0.906568, -0.092073, 0.579890, 0.289704, 0.045732, -0.166591, 0.889448, -0.580076, -0.184636, 0.822634, 0.647415, -0.248474, -0.349401, 0.317732, -0.056254, -0.322852, -0.971270, 0.006040, 0.478864, 0.338104, -0.961369, 0.236570, -0.416152, -0.951144, -0.318982, -0.049627, -0.885292, -0.940332, -0.645472, -0.402297, 0.663164, -0.340763, 0.013901, 0.497016, -0.618624, 0.271393, -0.678843, 0.876824, 0.151732, -0.061944, 0.939979, -0.308760, -0.630355, 0.326144, 0.907205, 0.140126, 0.240396, 0.290805, 0.165991, -0.574691, -0.729272, 0.300394, -0.267323, -0.007713, -0.521866, -0.848864, -0.168488, 0.170540, 0.189887, 0.491068, -0.238673, 0.469230, 0.787342, 0.346262, 0.634106, 0.316835, 0.248647, 0.001736, 0.720304, 0.411326, -0.513396, 0.373706, -0.203364, 0.640346, 0.589678, -0.787309, 0.102068, -0.315950, -0.998793, -0.142372, 0.650802, 0.847310, 0.219555, -0.857705, 0.512080, -0.741604, 0.730712, -0.934240, 0.507979, 0.020863, -0.629328, 0.097641, -0.073129, -0.278173, 0.637155, -0.709325, -0.551338, -0.152965, 0.741860, -0.786175, 0.401361, -0.210235, 0.943541, 0.398387, 0.293689, 0.885291, -0.401954, -0.000421, -0.895360, 0.030235, 0.913729, -0.645453, -0.695842, 0.823307, 0.518396, -0.926896, 0.808460, 0.740572, -0.391382, -0.749170, 0.383259, -0.097631, -0.009403, -0.349521, 0.762979, -0.518268, 0.934768, 0.468000, -0.657477, -0.702497, -0.233677, -0.995393, -0.370909, 0.217508, -0.153233, 0.804591, 0.895166, 0.153241, 0.639143, -0.377670, 0.004138, 0.476598, -0.578491, 0.451003, 0.721081, -0.036286, 0.081537, 0.581022, 0.509070, 0.461265, 0.770423, -0.101338, -0.753601, -0.687668, -0.332720, -0.299169, 0.863198, 0.999266, 0.722604, 0.673515, -0.555418, 0.976780, -0.788921, 0.934857, -0.378550, 0.433364, 0.465252, 0.003335, 0.675129, -0.410299, -0.251358, 0.609535, -0.620895, 0.408788, -0.975787, -0.697782, -0.388127, -0.760180, -0.885514, -0.346391, -0.450844, -0.419536, 0.533357, -0.111670, 0.678429, -0.256899, 0.789564, 0.188126, 0.117679, -0.818228, 0.573462, 0.605809, -0.688153, -0.319313, -0.804096, -0.835751, 0.058299, 0.467315, 0.663684, 0.002146, 0.861812, -0.983073, -0.903903, -0.455897, 0.979511, 0.999904, -0.343692, -0.175570, 0.005485, 0.658914, -0.882173, 0.528652, 0.444766, -0.601202, 0.724305, 0.598461, -0.178212, -0.005509, 0.412661, 0.161202, 0.965619, 0.367500, 0.327327, -0.492794, 0.923876, -0.946084, -0.502255, -0.772209, -0.402370, -0.207166, 0.125933, 0.893864, 0.911014, 0.727812, -0.886035, -0.842588, 0.418740, -0.225749, 0.008205, 0.203787, 0.189151, 0.148317, -0.896329, -0.278360, -0.743225, -0.672030, 0.552324, 0.924418, -0.982983, -0.343526, 0.862239, 0.172959, 0.876285, -0.687215, -0.588097, -0.020839, -0.423176, 0.865285, 0.234445, 0.763269, 0.110426, -0.576512, 0.095760, -0.462622, -0.987193, 0.620419, 0.702902, -0.422385, 0.566123, -0.921777, 0.996379, -0.203246, -0.891884, -0.460236, 0.185035, 0.324640, 0.469283, -0.129584, 0.798378, 0.296693, 0.425619, 0.789420, 0.196613, 0.757959, 0.773488, -0.706265, 0.060376, -0.000482, 0.490190, 0.572199, 0.948127, 0.802994, -0.772828, 0.638196, 0.017759, 0.708819, 0.093659, -0.688762, -0.704866, 0.739581, -0.161127, -0.649392, -0.359551, -0.394687, -0.126828, -0.532475, 0.400112, 0.163703, 0.037889, 0.773743, -0.031090, 0.991014, -0.226317, -0.358428, -0.673926, 0.859626, 0.484194, 0.007968, -0.229767, -0.863426, -0.165941, 0.036178, 0.681692, -0.732138, -0.923238, 0.980291, -0.372085, -0.602534, -0.492264, -0.496993, -0.655478, 0.104138, 0.811353, -0.583783, 0.387413, -0.013996, 0.027047, -0.211164, 0.111863, -0.500958, -0.293236, -0.763365, 0.546306, 0.708448, -0.965751, 0.563128, 0.373264, -0.519763, 0.311562, 0.759882, 0.500325, -0.296526, 0.166871, -0.834947, -0.390839, -0.324372, -0.025711, -0.173861, 0.052970, -0.239699, 0.859393, 0.246789, 0.799003, -0.876840, -0.284007, 0.784025, 0.946173, -0.180748, -0.064026, 0.559608, -0.745710, -0.637122, -0.111654, -0.912821, 0.103549, -0.424003, 0.400916, 0.827761, 0.000947, 0.377277, -0.078291, -0.980023, 0.945067, 0.703634, 0.807261, 0.499855, 0.428991, 0.481984, 0.551035, 0.472989, 0.223719, 0.343756, -0.048361, 0.363159, -0.397817, -0.631032, 0.504834, -0.273052, 0.904016, 0.281085, -0.126818, 0.464803, -0.786826, 0.751146, -0.732435, -0.966505, -0.502031, -0.525398, 0.437635, 0.516197, -0.451013, 0.387306, 0.214408, 0.664152, -0.803237, -0.941982, -0.213444, -0.936895, 0.676615, -0.441305, 0.081297, 0.479131, 0.903219, -0.780872, 0.467933, 0.682965, -0.296549, 0.612061, -0.262110, -0.346510, 0.911151, 0.839945, 0.497020, -0.651353, 0.386101, -0.072717, -0.242181, -0.072763, 0.308671, -0.634873, -0.199080, 0.943960, 0.480628, -0.814456, -0.920530, 0.296248, 0.211718, -0.979404, -0.492428, -0.857668, -0.402086, 0.276695, -0.463043, 0.599300, -0.125657, -0.221047, -0.753049, -0.707529, 0.041953, -0.335315, 0.475334, -0.391858, -0.209633, 0.522482, -0.951763, -0.478472, -0.859990, -0.313536, 0.450385, -0.106986, -0.464511, 0.903545, -0.597537, 0.199523, 0.661121, 0.308861, -0.673872, 0.356870, -0.022018, 0.090829, -0.952979, -0.197402, -0.833996, -0.354471, 0.260149, -0.524187, -0.938261, -0.581706, -0.561196, -0.754904, 0.910418, 0.048332, -0.862869, -0.662625, 0.391391, -0.493373, 0.263749, -0.092150, 0.642738, -0.921710, -0.518592, 0.563431, -0.379261, 0.162627, 0.650471, 0.889142, 0.998653, 0.384067, -0.776646, 0.906816, -0.731699, -0.320343, -0.324693, 0.174216, -0.970658, -0.768281, -0.899338, -0.588810, -0.644076, -0.473946, 0.499909, -0.688031, 0.455340, -0.608134, -0.444883, -0.812281, -0.180554, 0.105811, -0.070715, -0.188724, 0.136002, 0.185013, 0.278592, 0.425844, -0.096910, 0.183105, 0.217687, 0.484775, 0.335587, 0.569510, 0.937372, 0.292186, -0.328812, -0.360881, -0.215428, -0.493172, -0.876762, 0.071226, -0.168687, -0.345434, 0.277087, -0.918423, -0.678915, 0.392133, -0.790849, 0.623053, 0.370763, -0.099933, -0.815198, -0.622655, 0.200832, 0.018571, 0.759669, -0.487476, 0.464486, -0.417650, 0.444308, -0.599387, -0.560921, -0.864385, 0.456834, -0.776579, 0.680876, -0.780800, 0.608606, 0.797480, -0.806887, 0.407554, -0.414801, 0.649338, -0.847663, 0.156495, -0.103332, 0.791539, 0.256363, 0.530597, -0.236047, 0.046477, 0.060188, -0.909041, -0.720174, -0.076767, 0.410637, -0.046432, -0.508455, 0.015093, 0.969215, 0.744389, 0.188562, -0.048322, -0.444872, 0.671767, 0.474184, 0.305004, 0.316684, 0.768969, 0.316183, 0.522796, -0.847833, 0.954791, -0.455437, -0.657010, 0.550584, -0.453094, -0.189070, 0.751179, 0.558124, -0.539620, 0.920340, 0.118815, 0.868426, -0.319100, -0.205106, 0.008041, -0.704634, -0.189466, -0.447185, -0.915618, 0.609862, -0.621871, 0.917558, 0.772737, 0.977949, 0.858268, -0.872437, 0.062760, 0.433845, -0.510306, -0.780964, 0.895681, 0.417122, 0.878188, 0.186503, 0.489245, -0.694307, -0.766286, 0.766693, -0.211212, 0.263384, 0.082193, -0.973643, 0.039379, 0.850436, -0.757544, -0.168232, 0.749012, -0.636525, 0.123235, 0.115908, 0.264180, 0.703741, -0.347439, -0.485306, -0.725007, -0.145947, -0.444701, 0.093782, 0.576644, 0.017006, 0.243261, -0.973162, -0.193410, -0.720117, 0.816591, -0.457147, 0.196707, -0.414417, -0.565059, 0.974172, 0.568189, 0.578892, 0.050592, 0.671105, 0.732862, -0.221821, -0.850200, 0.085823, 0.244897, -0.626570, -0.327732, -0.289546, -0.851361, 0.577319, 0.388569, 0.085801, 0.495854, -0.391665, 0.421324, -0.040272, 0.216688, -0.250697, 0.283881, -0.921519, -0.348325, 0.701165, -0.340206, -0.501669, -0.046253, -0.341528, -0.321595, 0.066320, 0.761081, -0.180531, 0.981833, -0.979216, -0.863233, -0.057925, -0.072192, 0.664651, 0.935099, -0.985058, -0.642442, 0.959356, 0.956273, -0.064348, 0.501940, 0.911165, -0.844951, 0.481470, -0.794234, -0.207600, 0.306133, 0.917328, 0.924388, -0.369252, -0.541948, 0.407282, -0.876646, -0.399007, -0.959922, 0.697935, -0.432091, -0.048228, -0.542152, -0.702427, 0.987287, -0.126670, 0.152985, 0.010564, 0.862802, -0.068460, 0.688844, -0.239796, -0.807686, -0.808513, 0.689802, -0.796512, -0.539800, -0.209020, -0.381374, -0.105037, -0.952282, -0.956971, 0.420098, -0.526806, 0.891460, 0.853452, 0.000889, -0.657042, 0.805937, -0.242743, 0.540060, -0.405723, 0.824192, -0.434516, 0.951311, -0.828521, -0.803491, -0.101549, 0.523984, -0.036174, 0.210245, -0.280063, 0.649154, 0.787239, 0.100214, -0.296864, -0.745092, -0.329181, -0.395954, 0.126780, -0.354200, 0.894052, -0.367678, -0.992950, -0.349939, 0.526542, -0.815356, 0.545555, -0.534241, 0.226707, 0.417908, 0.875843, -0.989860, 0.760981, -0.901005, -0.973563, 0.154915, 0.390934, -0.660734, -0.709322, -0.618394, -0.686572, 0.308960, 0.342228, -0.846649, 0.548706, 0.901876, -0.712422, 0.344473, 0.854229, -0.517440, -0.524608, -0.203791, -0.721933, -0.585104, -0.052212, 0.494381, -0.858248, -0.082837, 0.386639, 0.717977, -0.488902, -0.739245, 0.204088, -0.771698, -0.522994, -0.846895, 0.827229, 0.269852, 0.527930, -0.717032, 0.814422, 0.553171, -0.895898, -0.719078, 0.805736, -0.637846, -0.931104, 0.593627, -0.344663, 0.315033, -0.863955, 0.534330, -0.580868, -0.553082, 0.084574, 0.432131, -0.078713, -0.801857, 0.084297, 0.687986, 0.015174, 0.600532, 0.933548, -0.019519, 0.549226, 0.526188, 0.847759, 0.608685, 0.064640, 0.734092, -0.622190, -0.563794, -0.779966, -0.026774, -0.575130, 0.659661, 0.237332, -0.541200, 0.561548, -0.738142, 0.265228, -0.070706, -0.053714, -0.388037, -0.684367, 0.015095, -0.725421, -0.833533, -0.930247, -0.249954, 0.309109, 0.573816, 0.121962, -0.461622, -0.834964, 0.286487, -0.102335, -0.894665, -0.604009, -0.865061, 0.702801, 0.027310, 0.207082, 0.538277, -0.366495, 0.221005, -0.274532, 0.655284, 0.819303, -0.573932, 0.503064, 0.971774, 0.143330, -0.429309, -0.726268, 0.809012, 0.494845, -0.404948, 0.317196, -0.951399, -0.160410, -0.233797, 0.473680, -0.960565, 0.992785, -0.094254, 0.126045, -0.138778, -0.868855, -0.388859, -0.669057, 0.816084, 0.257581, 0.090162, -0.650124, -0.132670, -0.887651, -0.008817, -0.019375, -0.918694, 0.856017, 0.661968, 0.898584, -0.736648, -0.982986, -0.397708, -0.519786, 0.190440, 0.216697, 0.702007, -0.569694, 0.935480, 0.160119, 0.713680, -0.618623, 0.192706, 0.687589, -0.947983, 0.640906, 0.639398, 0.551830, 0.201821, -0.134381, -0.425618, -0.343488, -0.197980, 0.100250, 0.754769, -0.560209, 0.252084, 0.218103, -0.877505, -0.088029, 0.145270, 0.926218, 0.907948, -0.020383, 0.102738, -0.434156, -0.238667, 0.276636, -0.424138, 0.551682, -0.678996, 0.848744, 0.361868, 0.331015, 0.875641, 0.139245, 0.705275, 0.636651, -0.850734, 0.893803, 0.485898, -0.950037, -0.055823, 0.319974, -0.521397, 0.551603, 0.574308, 0.233299, 0.956844, -0.791571, -0.525268, 0.690538, -0.528034, 0.456836, -0.992844, 0.855006, -0.568126, -0.515165, 0.405802, 0.045652, -0.482926, -0.280062, 0.176637, -0.309256, 0.150370, -0.772605, -0.315760, -0.443220, 0.141271, -0.657895, -0.012288, 0.505416, 0.030346, 0.901295, 0.691034, 0.147297, -0.375926, -0.631563, -0.490211, 0.992075, 0.598520, 0.813831, 0.990384, 0.098695, 0.559234, -0.889668, 0.646009, -0.661602, -0.521460, 0.431867, -0.796473, -0.593503, 0.505398, -0.227911, 0.935009, -0.681642, 0.373233, 0.223071, 0.149056, -0.161205, 0.230647, 0.096015, 0.705935, -0.921208, -0.615511, 0.052619, -0.422482, 0.499131, 0.130891, 0.837432, -0.161247, 0.762732, -0.409916, 0.020695, -0.685573, 0.027455, 0.388101, -0.548423, -0.332613, -0.905793, 0.934946, -0.775522, -0.578193, 0.846827, -0.885186, -0.606843, -0.765751, -0.311651, -0.577244, 0.076392, 0.150101, -0.375413, -0.411705, 0.137257, 0.352883, -0.340537, 0.297874, -0.061028, 0.959782, -0.462786, 0.007207, 0.696457, -0.592276, -0.836381, 0.350428, 0.035486, 0.094371, -0.688365, -0.191288, 0.367284, -0.122188, 0.207700, 0.888463, 0.535896, -0.664035, -0.139115, -0.167861, -0.174003, 0.696850, -0.124870, -0.232176, -0.071562, -0.683884, -0.227053, 0.567307, -0.829248, -0.616002, -0.932905, -0.111877, 0.695076, -0.649874, 0.405730, -0.053020, 0.481561, -0.075455, -0.002944, -0.187494, -0.445799, 0.375157, 0.721905, 0.902787, -0.614025, 0.628155, 0.067373, -0.614760, -0.280713, 0.231431, -0.877483, 0.473651, 0.064518, 0.588125, -0.640953, -0.996675, 0.516425, -0.455556, 0.111392, -0.093350, 0.653229, 0.493993, 0.036305, 0.658726, -0.378431, 0.844023, -0.928927, -0.968635, -0.297462, 0.101107, -0.048708, 0.285498, 0.738900, -0.244325, 0.447161, -0.382203, 0.100081, 0.733253, 0.921826, 0.797435, 0.815720, 0.358474, -0.213603, 0.059457, -0.817071, -0.393966, 0.882859, 0.242048, -0.115808, -0.849814, 0.389623, 0.781852, 0.870596, -0.614917, 0.750423, -0.044860, -0.267330, 0.935131, -0.902298, 0.532313, -0.598812, 0.834008, -0.570287, 0.646692, -0.321632, -0.240541, 0.843121, 0.833205, 0.655502, 0.535971, 0.301699, 0.617812, 0.747449, -0.286267, -0.741131, 0.121927, 0.889185, -0.702339, 0.446857, 0.136653, -0.514157, -0.714460, 0.286911, 0.120476, -0.058958, 0.854376, 0.959062, -0.012857, -0.512554, -0.715388, 0.520114, -0.492884, -0.733924, 0.908927, 0.296147, 0.122901, 0.181728, 0.697741, -0.117920, 0.504530, -0.143566, 0.116519, 0.214770, 0.060919, -0.003938, 0.170513, 0.898160, 0.098895, -0.313064, 0.673044, -0.977290, -0.180991, -0.691831, -0.317053, 0.302271, 0.839166, -0.037322, -0.039469, -0.623465, -0.627681, 0.853037, 0.842622, -0.423537, 0.594258, -0.639576, -0.676367, 0.129408, -0.237094, -0.594984, -0.646606, -0.782888, -0.784395, -0.696202, 0.584321, -0.469263, 0.662685, -0.719763, 0.648005, -0.831575, -0.147396, 0.367388, -0.964434, 0.752681, -0.045010, 0.230197, 0.174340, 0.461097, -0.449906, -0.573726, -0.970503, 0.517996, -0.225910, 0.251335, 0.019696, -0.612004, 0.502365, 0.528152, 0.788868, 0.911181, 0.595221, -0.344632, -0.225247, 0.071110, 0.009581, -0.388284, -0.899511, -0.477233, -0.958432, -0.612338, 0.804817, 0.989841, 0.532366, 0.758690, -0.426658, -0.060801, 0.292267, 0.958661, 0.756294, -0.745120, 0.409189, -0.322351, 0.995026, 0.433464, -0.692424, 0.470371, 0.911584, -0.980688, 0.485176, 0.915027, 0.155879, -0.321012, -0.098733, -0.207671, -0.871130, -0.489062, 0.573178, -0.223300, 0.376666, -0.902898, 0.714097, -0.085173, 0.178929, 0.854108, -0.783355, -0.474354, -0.567081, 0.528176, 0.820590, 0.268317, 0.951957, 0.247311, -0.245546, 0.285975, 0.879557, 0.551324, 0.316148, -0.137712, 0.369506, -0.662148, 0.253786, 0.528686, -0.563627, 0.229548, -0.662179, -0.374735, -0.654401, -0.914126, -0.982224, 0.804092, -0.129638, -0.048029, 0.920906, 0.473562, 0.679478, -0.279926, -0.588334, -0.031982, 0.149742, 0.577271, -0.470072, -0.125187, -0.859423, -0.968728, 0.225485, 0.503833, 0.940871, 0.761894, 0.459094, 0.889307, -0.335215, 0.256360, 0.776465, 0.950327, 0.175033, -0.273210, 0.374787, -0.364633, -0.302748, 0.650662, 0.529184, 0.857282, 0.107833, 0.323216, -0.608479, 0.677663, 0.036105, -0.592574, 0.743402, -0.951316, -0.237665, 0.075317, 0.348867, -0.073765, -0.654510, -0.777714, 0.894443, -0.756463, -0.928282, -0.268748, 0.125730, -0.366143, -0.490746, 0.586963, -0.120990, -0.085207, -0.240626, 0.017687, -0.451256, 0.549479, 0.514025, 0.218977, 0.384659, -0.712632, -0.986887, -0.470174, 0.416506, -0.080287, 0.777254, 0.686819, 0.876150, -0.203216, 0.881637, 0.227946, 0.418155, 0.533577, 0.921578, 0.200224, 0.487197, -0.029101, -0.462511, -0.426849, -0.615445, -0.061371, -0.243673, 0.611727, -0.950942, -0.047694, 0.796373, 0.474614, 0.000436, -0.509906, 0.332160, -0.614039, 0.665411, -0.721665, 0.982073, -0.065447, 0.860424, -0.237753, -0.695754, -0.843865, -0.653468, -0.246742, 0.801789, -0.113428, 0.320067, 0.655810, -0.588930, -0.696762, 0.325229, -0.855074, -0.926652, 0.535491, 0.529331, 0.981413, 0.654561, 0.972259, 0.400667, 0.986636, 0.425904, 0.506976, 0.839210, -0.415897, -0.594960, 0.319832, -0.552243, 0.834985, 0.901924, 0.797968, -0.901914, 0.011318, -0.346338, -0.366337, 0.441900, -0.389797, -0.799912, 0.192183, 0.769578, 0.898671, 0.624318, 0.326518, -0.829931, -0.313474, 0.540427, 0.757548, -0.486250, 0.422159, -0.572329, -0.552432, -0.223995, 0.826900

Small Snakes
3, 3
0.499192, 0.667430, -0.798214, 0.555924, -0.305649, 0.680476, -0.779087, 0.759329, 0.194262

Cool Green Waves
3, 3
-0.976883, 0.218455, 0.645966, -0.522142, -0.446348, 0.560806, -0.745784, 0.248778, -0.928984

Aliens
3, 3
pow(x, 2)
0.649000, -0.606000, 0.713000, 0.101000, 0.419000, 0.218000, -0.578000, -0.687000, -0.361000

Diagonal Aliens Growth
3, 3
abs(x)
0.861161, 0.311532, -0.438631, 0.480287, -0.925128, -0.031783, 0.001414, -0.379844, 0.054503

Horizontal Aliens
3, 3
abs(x)
0.422121, 0.445240, -0.200451, 0.562627, -0.580711, -0.908825, 0.473039, -0.045493, -0.038234

Fuzzy Growth
3, 3
abs(x)
0.556369, -0.326011, 0.537918, -0.418034, -0.737666, 0.144161, 0.585863, -0.952271, 0.682405

Space Shooters
3, 3
abs(x)
-0.237778, 0.160880, -0.091742, -0.675937, 0.699703, 0.511932, -0.553065, 0.438651, -0.182469

Growth Rings Awesome
3, 3
abs(x)
-0.433991, 0.884989, -0.986458, -0.096179, -0.269507, 0.157940, 0.552434, 0.278887, -0.213055

Cells
5, 5
max(0.0, x)
-0.983047, 0.233107, -0.573353, -0.371602, 0.180539, -0.547106, -0.108250, -0.354667, 0.008020, -0.456401, 0.411607, 0.341783, -0.521719, 0.612531, -0.802983, 0.292745, 0.147278, -0.932712, -0.109536, -0.234030, -0.318791, 0.816130, -0.460078, -0.030601, 0.480319

VineGrow (base)
3, 3
x * (1.0 / (1.0 + exp(-x)))
-0.472607, -0.826712, 0.935861, -0.123273, 0.775593, 0.212000, -0.463867, 0.377158, 0.086379

Moss
3, 3
0.500000, -1.000000, 0.500000, -1.000000, 1.000000, -1.000000, 0.500000, -1.000000, 0.500000

Swirly Moss
3, 3
abs
-0.430126, 0.014235, -0.416450, -0.219016, 0.601631, 0.113372, -0.458870, 0.786336, 0.886880
-0.305000, -0.086000, -0.416450, -0.019000, 0.601631, 0.163000, -0.484000, 0.811000, 0.387000
-0.387000, -0.086000, -0.416450, -0.313000, 0.601631, 0.163000, -0.484000, 0.636000, 0.387000

Magma Grow
5, 5
pow2
-0.584578, -0.796028, 0.545612, 0.779297, 0.608365, -0.812054, 0.502934, -0.212139, -0.651611, 0.797322, 0.851760, -0.207109, -0.506764, -0.729525, 0.407573, 0.398746, 0.152922, -0.071591, 0.919064, -0.217552, 0.274751, 0.230121, 0.775932, -0.791705, 0.615364

Faded Blips
3,3 
abs
0.386850, -0.817627, 0.322564, -0.582235, 0.898854, 0.443580, -0.666882, 0.300071, -0.202470

**Pipes
3, 3
abs(x)
-0.142000, 0.158000, -0.142000, 0.158000, 0.724000, 0.158000, -0.142000, 0.158000, -0.142000

**Bubbling Moss
3, 3
abs(x)
-0.392000, 0.483000, -0.392000, 0.483000, 0.074000, 0.483000, -0.392000, 0.483000, -0.392000

    Worms Combo:
    SeqDelay 5
    3, 3
    abs
    -0.499994, 0.657430, -0.499994, 0.657430, 0.443577, 0.657430, -0.499994, 0.657430, -0.499994

    scale moss to 0.73

    3, 3
    max (3)
    1.000000, 0.000000, 1.000000, 0.000000, 0.900000, 0.000000, 1.000000, 0.000000, 1.000000
    0.178

**Slimy Pipes
3, 3
pow2
-0.392000, 0.483000, -0.392000, 0.483000, 0.749000, 0.483000, -0.392000, 0.483000, -0.392000

**Slimy Snake
3, 3
abs(x)
-0.121000, 0.522000, -0.121000, 0.522000, -0.175000, 0.522000, -0.121000, 0.522000, -0.121000
ReLU (3)
-0.121000, 0.522000, -0.121000, 0.522000, -0.100000, 0.522000, -0.121000, 0.522000, -0.121000

Electric diagonals
3, 3
abs
0.737941, -0.665771, -0.676982, 0.110983, -0.251004, 0.689722, -0.412690, 0.280324, 0.101971
rgb(0.0, 0.5, 1.0)

Jelly Fish
3, 3
abs
0.976871, -0.136353, -0.607608, 0.065361, -0.336536, 0.317010, -0.810673, 0.616410, -0.074869

Blood Rain
3, 3
abs
0.510497, -0.589884, -0.615790, -0.716140, 0.472206, 0.815199, 0.280294, 0.256193, -0.502286

Sharp Shooters
3, 3
pow2
-0.429611, 0.734370, 0.174789, -0.805125, 0.755198, -0.867533, 0.227644, -0.589474, 0.636897

Fire
5, 5
abs
0.459690, -0.969315, -0.237991, -0.387552, 0.962628, -0.316587, -0.461094, -0.078321, -0.380584, 0.201458, -0.024090, 0.833053, -0.493976, -0.786568, 0.836108, 0.408933, 0.650284, -0.235930, -0.024611, 0.421393, -0.187641, -0.552327, -0.425967, 0.086194, -0.178748, 0.323531, 0.911975, -0.381900, 0.733574, 0.697134, 0.770179, -0.766051, -0.029835, -0.698334, -0.030171, -0.341523, -0.208479, 0.121182, -0.823725, 0.474675, 0.475139, 0.703320, -0.302243, 0.478701, -0.897434, 0.540926, -0.933283, 0.599383, -0.429071
x0.425

First Life Red
5, 5
abs
-0.590768, 0.141548, 0.734975, 0.141548, -0.590768, 0.141548, 0.954080, -0.636054, 0.954080, 0.141548, 0.734975, -0.636054, -1.206000, -0.636054, 0.734975, 0.141548, 0.954080, -0.636054, 0.954080, 0.141548, -0.590768, 0.141548, 0.734975, 0.000000, -0.590768
-0.590768, 0.141548, 0.734975, 0.141548, -0.590768, 0.141548, 0.954080, -0.636054, 0.954080, 0.141548, 0.734975, -0.636054, -1.156000, -0.636054, 0.734975, 0.141548, 0.954080, -0.636054, 0.954080, 0.141548, -0.590768, 0.141548, 0.734975, 0.000000, -0.590768
x-0.250

Slimy Graffiti
5,5
pow2
x0.325
0.691000, -0.063270, -0.229000, -0.063270, 0.691000, -0.063270, -0.688000, -0.327864, -0.688000, -0.063270, -0.229000, -0.327864, -1.622000, -0.327864, -0.229000, -0.063270, -0.688000, -0.327864, -0.688000, -0.063270, 0.691000, -0.063270, -0.229000, 0.000000, 0.691000

Woven Pipes
3,3
ReLU
x2.075
-0.099514, 0.072292, -0.099514, 0.072292, 0.345000, 0.072292, -0.099514, 0.072292, -0.099514

Spider Web
5,5
ReLU
x0.250
0.873628, -0.072500, -0.241728, -0.072500, 0.873628, -0.072500, -0.580644, 0.464056, -0.580644, -0.072500, -0.241728, 0.464056, 0.820957, 0.464056, -0.241728, -0.072500, -0.580644, 0.464056, -0.580644, -0.072500, 0.873628, -0.072500, -0.241728, 0.000000, 0.873628

Scaley Noodles
7, 7
-0.140
InvTent
0.856972, -0.170594, 0.229520, 0.752894, 0.229520, -0.170594, 0.856972, -0.170594, 0.745210, -0.868655, -0.716936, -0.868655, 0.745210, -0.170594, 0.229520, -0.868655, -0.946289, -0.908497, -0.946289, -0.868655, 0.229520, 0.752894, -0.716936, -0.908497, 0.092174, -0.908497, -0.716936, 0.752894, 0.229520, -0.868655, -0.946289, -0.908497, -0.946289, -0.868655, 0.229520, -0.170594, 0.745210, -0.868655, -0.716936, 0.000000, 0.745210, -0.170594, 0.856972, -0.170594, 0.229520, 0.752894, 0.000000, 0.000000, 0.856972


Bubbly Flames Symmetric
5, 5
0.375
0.263485, 0.537713, -0.833968, 0.537713, 0.263485, 0.537713, -0.405229, 0.099737, -0.405229, 0.537713, -0.833968, 0.099737, 0.724179, 0.099737, -0.833968, 0.537713, -0.405229, 0.099737, -0.405229, 0.537713, 0.263485, 0.537713, -0.833968, 0.537713, 0.263485

City Builder
13, 13
-0.125
3
0.029524, -0.240212, 0.418418, 0.560670, 0.296288, -0.479167, -0.049201, -0.479167, 0.296288, 0.560670, 0.418418, -0.240212, 0.029524, -0.240212, -0.879075, -0.116314, 0.316290, -0.643815, -0.648318, 0.102150, -0.648318, -0.643815, 0.316290, -0.116314, -0.879075, -0.240212, 0.418418, -0.116314, 0.481410, -0.239128, 0.198943, 0.648671, -0.738180, 0.648671, 0.198943, -0.239128, 0.481410, -0.116314, 0.418418, 0.560670, 0.316290, -0.239128, -0.165849, -0.351511, -0.769086, 0.845057, -0.769086, -0.351511, -0.165849, -0.239128, 0.316290, 0.560670, 0.296288, -0.643815, 0.198943, -0.351511, -0.606516, 0.987775, -0.849388, 0.987775, -0.606516, -0.351511, 0.198943, -0.643815, 0.296288, -0.479167, -0.648318, 0.648671, -0.769086, 0.987775, 0.210602, 0.952799, 0.210602, 0.987775, -0.769086, 0.648671, -0.648318, -0.479167, -0.049201, 0.102150, -0.738180, 0.845057, -0.849388, 0.952799, 0.495259, 0.952799, -0.849388, 0.845057, -0.738180, 0.102150, -0.049201, -0.479167, -0.648318, 0.648671, -0.769086, 0.987775, 0.210602, 0.952799, 0.210602, 0.987775, -0.769086, 0.648671, -0.648318, -0.479167, 0.296288, -0.643815, 0.198943, -0.351511, -0.606516, 0.987775, -0.849388, 0.987775, -0.606516, -0.351511, 0.198943, -0.643815, 0.296288, 0.560670, 0.316290, -0.239128, -0.165849, -0.351511, -0.769086, 0.845057, -0.769086, -0.351511, -0.165849, -0.239128, 0.316290, 0.560670, 0.418418, -0.116314, 0.481410, -0.239128, 0.198943, 0.648671, -0.738180, 0.648671, 0.198943, -0.239128, 0.481410, -0.116314, 0.418418, -0.240212, -0.879075, -0.116314, 0.316290, -0.643815, -0.648318, 0.102150, -0.648318, -0.643815, 0.316290, -0.116314, -0.879075, -0.240212, 0.029524, -0.240212, 0.418418, 0.560670, 0.296288, -0.479167, -0.049201, -0.479167, 0.296288, 0.560670, 0.418418, -0.240212, 0.029524

Worms
21, 21
-0.125
abs
0.107815, -0.726487, 0.190113, 0.608041, 0.077548, -0.781081, 0.827317, -0.689477, -0.675747, 0.114794, 0.799521, 0.114794, -0.675747, -0.689477, 0.827317, -0.781081, 0.077548, 0.608041, 0.190113, -0.726487, 0.107815, -0.726487, -0.588225, 0.476176, -0.201299, 0.394817, 0.018222, -0.958720, -0.992598, 0.902819, -0.392234, 0.212178, -0.392234, 0.902819, -0.992598, -0.958720, 0.018222, 0.394817, -0.201299, 0.476176, -0.588225, -0.726487, 0.190113, 0.476176, 0.584117, 0.931649, -0.208153, -0.412595, -0.872563, -0.651092, -0.801200, 0.697417, -0.255301, 0.697417, -0.801200, -0.651092, -0.872563, -0.412595, -0.208153, 0.931649, 0.584117, 0.476176, 0.190113, 0.608041, -0.201299, 0.931649, -0.612641, -0.125030, 0.861632, -0.427801, 0.631622, 0.198976, -0.271945, 0.685618, -0.271945, 0.198976, 0.631622, -0.427801, 0.861632, -0.125030, -0.612641, 0.931649, -0.201299, 0.608041, 0.077548, 0.394817, -0.208153, -0.125030, 0.743363, 0.158481, -0.477670, 0.551497, -0.393783, 0.566779, -0.724491, 0.566779, -0.393783, 0.551497, -0.477670, 0.158481, 0.743363, -0.125030, -0.208153, 0.394817, 0.077548, -0.781081, 0.018222, -0.412595, 0.861632, 0.158481, 0.418618, 0.285809, -0.240408, 0.488584, -0.839410, 0.140543, -0.839410, 0.488584, -0.240408, 0.285809, 0.418618, 0.158481, 0.861632, -0.412595, 0.018222, -0.781081, 0.827317, -0.958720, -0.872563, -0.427801, -0.477670, 0.285809, 0.254730, 0.713913, 0.881974, 0.497642, -0.581758, 0.497642, 0.881974, 0.713913, 0.254730, 0.285809, -0.477670, -0.427801, -0.872563, -0.958720, 0.827317, -0.689477, -0.992598, -0.651092, 0.631622, 0.551497, -0.240408, 0.713913, -0.827742, 0.497764, -0.837444, -0.053736, -0.837444, 0.497764, -0.827742, 0.713913, -0.240408, 0.551497, 0.631622, -0.651092, -0.992598, -0.689477, -0.675747, 0.902819, -0.801200, 0.198976, -0.393783, 0.488584, 0.881974, 0.497764, -0.295053, 0.340371, 0.938556, 0.340371, -0.295053, 0.497764, 0.881974, 0.488584, -0.393783, 0.198976, -0.801200, 0.902819, -0.675747, 0.114794, -0.392234, 0.697417, -0.271945, 0.566779, -0.839410, 0.497642, -0.837444, 0.340371, 0.266734, -0.689298, 0.266734, 0.340371, -0.837444, 0.497642, -0.839410, 0.566779, -0.271945, 0.697417, -0.392234, 0.114794, 0.799521, 0.212178, -0.255301, 0.685618, -0.724491, 0.140543, -0.581758, -0.053736, 0.938556, -0.689298, -0.445579, -0.689298, 0.938556, -0.053736, -0.581758, 0.140543, -0.724491, 0.685618, -0.255301, 0.212178, 0.799521, 0.114794, -0.392234, 0.697417, -0.271945, 0.566779, -0.839410, 0.497642, -0.837444, 0.340371, 0.266734, -0.689298, 0.266734, 0.340371, -0.837444, 0.497642, -0.839410, 0.566779, -0.271945, 0.697417, -0.392234, 0.114794, -0.675747, 0.902819, -0.801200, 0.198976, -0.393783, 0.488584, 0.881974, 0.497764, -0.295053, 0.340371, 0.938556, 0.340371, -0.295053, 0.497764, 0.881974, 0.488584, -0.393783, 0.198976, -0.801200, 0.902819, -0.675747, -0.689477, -0.992598, -0.651092, 0.631622, 0.551497, -0.240408, 0.713913, -0.827742, 0.497764, -0.837444, -0.053736, -0.837444, 0.497764, -0.827742, 0.713913, -0.240408, 0.551497, 0.631622, -0.651092, -0.992598, -0.689477, 0.827317, -0.958720, -0.872563, -0.427801, -0.477670, 0.285809, 0.254730, 0.713913, 0.881974, 0.497642, -0.581758, 0.497642, 0.881974, 0.713913, 0.254730, 0.285809, -0.477670, -0.427801, -0.872563, -0.958720, 0.827317, -0.781081, 0.018222, -0.412595, 0.861632, 0.158481, 0.418618, 0.285809, -0.240408, 0.488584, -0.839410, 0.140543, -0.839410, 0.488584, -0.240408, 0.285809, 0.418618, 0.158481, 0.861632, -0.412595, 0.018222, -0.781081, 0.077548, 0.394817, -0.208153, -0.125030, 0.743363, 0.158481, -0.477670, 0.551497, -0.393783, 0.566779, -0.724491, 0.566779, -0.393783, 0.551497, -0.477670, 0.158481, 0.743363, -0.125030, -0.208153, 0.394817, 0.077548, 0.608041, -0.201299, 0.931649, -0.612641, -0.125030, 0.861632, -0.427801, 0.631622, 0.198976, -0.271945, 0.685618, -0.271945, 0.198976, 0.631622, -0.427801, 0.861632, -0.125030, -0.612641, 0.931649, -0.201299, 0.608041, 0.190113, 0.476176, 0.584117, 0.931649, -0.208153, -0.412595, -0.872563, -0.651092, -0.801200, 0.697417, -0.255301, 0.697417, -0.801200, -0.651092, -0.872563, -0.412595, -0.208153, 0.931649, 0.584117, 0.476176, 0.190113, -0.726487, -0.588225, 0.476176, -0.201299, 0.394817, 0.018222, -0.958720, -0.992598, 0.902819, -0.392234, 0.212178, -0.392234, 0.902819, -0.992598, -0.958720, 0.018222, 0.394817, -0.201299, 0.476176, -0.588225, -0.726487, 0.107815, -0.726487, 0.190113, 0.608041, 0.077548, -0.781081, 0.827317, -0.689477, -0.675747, 0.114794, 0.799521, 0.114794, -0.675747, -0.689477, 0.827317, -0.781081, 0.077548, 0.608041, 0.190113, -0.726487, 0.107815

